-0.6412796221345287 2.3973481883673156 0.5948526774178426 -0.3196458477041725 
3.76664419227145 5.038995435351132 3.083470941599893 24.957892310762823 
3.0091618160431253 1.856236970554535 2.803425485686088 80.24366014467817 
-0.011481361543460022 0.7302176327140986 -0.36805002553502864 -1.3773352738567481 
-0.26575913336895357 2.609957564394954 0.7898853658583274 -0.5645235040236674 
0.8437133618957802 5.887801297092664 1.4525294488926268 6.215250053988321 
1.0720939183128415 4.1428262581493565 2.6927680074431404 58.351424682234224 
-0.6027285395885817 -0.3345314252112339 0.6648271633159819 -0.5526628791973949 
0.11572761716945038 -0.0293546068094636 0.5937174541511185 0.8218599614479365 
2.499522694656399 3.7815779343395204 1.959061235893404 2.797177878177612 
5.430873707148274 1.9629462478600248 5.500687507894057 4.217060403106766 
-0.45340098916092025 -0.6104913892533473 54.24650802799548 -1.1702833047261865 
-0.5076159387458871 0.5049181137441521 1.2377026546927776 -0.8747377786335748 
2.476135365210196 2.892452653262088 0.7595598141994684 75.177656637844 
3.969594588490682 54.68936653861615 5.724688014463354 4.862730561258395 
-0.02268936165576399 -2.6814343257994517 -0.3959518239870504 -0.42946482253920953 
0.0 0.0 0.0 0.0 
