7.095325000893694 -4.27116468263739 -0.1407018104946196 -13.42725770495565 
-4.174039497096131 -4.121753387343695 9.420718048925382 -10.52917164376858 
-0.5840889513498403 1.6462882122505085 -1.2769491679586746 -1.7090593423749827 
-0.5309438186832038 -1.7179047521337765 8.14299439272929 -2.7132317592322233 
-0.1 -0.6958261109702496 0.0 0.0 
13.073637280481815 4.368643779900103 3.766591756322977 1.6708870780877385 
0.0 -3.4545778503698275 1.2104672386757935 -2.178163034571125 
-1.199484208805135 -1.365707432312111 -0.3253880499891613 -2.789709854134401 
0.43585585742299354 -2.6032805792009435 -1.8421824174540056 -0.5400963440448034 
-2.15995048387993 0.27727793058750483 -0.43416759577771336 -0.43028230982600985 
0.0 -0.5 17.70172272298306 0.0 
-0.1 0.0 0.0 0.0 
-0.5057107200000001 -0.1 -0.15091218999269107 -0.6627297678409702 
0.0 0.0 0.0 0.0 
-0.031620853029225064 0.0 0.0 0.0 
-0.06274059575410877 0.0 0.0 0.0 
-0.7776565031099371 0.0 0.0 0.4170042159068238 
0.38751152730539956 2.831739085438368 26.497883021521332 1.6804688498617992 
0.9906132662061322 1.1429175829587537 1.066194937176952 -1.3311623189393884 
-1.0520024327125923 0.0 13.010817386191835 0.0 
0.6610507942730701 7.955124849735175 0.1428951865669274 -0.5056724036202634 
1.4704193106504801 4.523264166589657 1.1774278406815117 2.5324408772764997 
4.251594237617305 0.0 0.0 0.0 
0.05244241582370179 2.982049143948046 1.9054250058049638 3.262860756903721 
-0.1 2.515095855571973 0.019294885012485687 -1.1 
-0.1 0.95 -0.5 -0.1 
1.4926421697950114 6.323432520464056 4.126483806417201 3.1832354801996416 
-0.9018703095879887 3.5771340393382656 2.5587854558166594 -2.38255521532223 
-0.1 -0.940308822004554 0.0 10.4976605079286 
-0.05256144743020148 0.0 0.0 0.0 
3.9730266217896717 2.9771653960199655 6.5483538057149495 12.363067473565257 
0.0 0.0 0.0 0.0 
8.238322801124689 3.7803056371526353 5.964946613785354 9.994457925185586 
0.0 0.0 0.9422675989625802 0.0 
0.857343703701688 -0.9504896189624664 7.961387419356068 0.6654355571413184 
2.7625661117950244 -3.694220306232682 -0.1892595390299222 8.382723236637434 
